83
726965490 0.000000 0.863139 0.868739 0.024024 0.869792 0.021021 0.809309 0.818318 0.810811 0.868668 0.871747 0.009009 0.025526 0.028571 0.024024 0.021021 0.028529 0.879880 0.818318 0.075075 0.869811 0.863971 0.027027 0.896739 0.031532 0.815315 0.873264 0.016517 0.809309 0.022523 0.888889 0.033033 0.873264 0.902402 0.030030 0.019520 0.815315 0.873264 0.897887 0.887387 0.025526 0.021021 0.876877 0.877876 0.813814 0.007508 0.872372 0.891892 0.866319 0.179872 0.873874 0.893393 0.819820 0.067599 0.882883 0.818318 0.845930 0.078078 0.027027 0.028529 0.880866 0.034535 0.869369 0.871560 0.013514 0.875229 0.024024 0.019520 0.815315 0.867890 0.815315 0.021021 0.818318 0.885886 0.815315 0.871560 0.816817 0.884384 0.031532 0.022523 0.021021 0.816817 0.022523
229554367 0.863139 0.000000 0.737226 0.863139 0.766423 0.863139 0.864964 0.864964 0.859489 0.763602 0.732342 0.859489 0.863139 0.899048 0.864964 0.864964 0.864964 0.755474 0.866788 0.868613 0.745283 0.520221 0.861314 0.757299 0.861314 0.861314 0.768248 0.863139 0.857664 0.866788 0.815693 0.864964 0.768248 0.759124 0.866788 0.868613 0.861314 0.766423 0.770073 0.797445 0.868613 0.868613 0.813869 0.760949 0.859489 0.863139 0.821168 0.812044 0.768248 0.899358 0.790146 0.817518 0.859489 0.869464 0.821168 0.872263 0.607558 0.866788 0.868613 0.868613 0.523723 0.866788 0.790146 0.513761 0.864964 0.517431 0.863139 0.863139 0.861314 0.517431 0.857664 0.863139 0.872263 0.788321 0.861314 0.530275 0.863139 0.819343 0.866788 0.866788 0.863139 0.864964 0.863139
807066835 0.868739 0.737226 0.000000 0.868739 0.793403 0.868739 0.894646 0.889465 0.896373 0.716698 0.717472 0.868739 0.870466 0.893333 0.886010 0.867012 0.868739 0.721934 0.891192 0.899827 0.718868 0.726103 0.870466 0.809783 0.872193 0.879102 0.793403 0.884283 0.894646 0.868739 0.796200 0.872193 0.791667 0.720207 0.867012 0.868739 0.894646 0.791667 0.781690 0.773748 0.870466 0.870466 0.797927 0.322124 0.894646 0.868739 0.803109 0.796200 0.795139 0.882227 0.773748 0.797927 0.879102 0.867133 0.801382 0.872193 0.677326 0.879102 0.868739 0.868739 0.725632 0.868739 0.734024 0.715596 0.898100 0.721101 0.870466 0.868739 0.894646 0.721101 0.875648 0.868739 0.877375 0.739206 0.875648 0.719266 0.873921 0.801382 0.886010 0.868739 0.868739 0.880829 0.867012
928083857 0.024024 0.863139 0.868739 0.000000 0.873264 0.006006 0.812312 0.821321 0.812312 0.868668 0.873606 0.018018 0.010511 0.007619 0.006006 0.009009 0.040541 0.881381 0.821321 0.085586 0.869811 0.867647 0.009009 0.896739 0.010511 0.819820 0.876736 0.010511 0.812312 0.007508 0.887387 0.013514 0.876736 0.905405 0.042042 0.007508 0.819820 0.875000 0.896127 0.888889 0.037538 0.036036 0.876877 0.876106 0.818318 0.022523 0.885886 0.891892 0.875000 0.171306 0.869369 0.894895 0.822823 0.069930 0.882883 0.821321 0.851744 0.082583 0.039039 0.040541 0.879061 0.046547 0.885886 0.875229 0.015015 0.880734 0.009009 0.004505 0.819820 0.866055 0.819820 0.006006 0.818318 0.884384 0.819820 0.875229 0.819820 0.884384 0.016517 0.006006 0.006006 0.819820 0.033033
514054828 0.869792 0.766423 0.793403 0.873264 0.000000 0.875000 0.892361 0.899306 0.887153 0.814259 0.775093 0.871528 0.875000 0.904762 0.876736 0.871528 0.871528 0.833333 0.895833 0.878472 0.809434 0.770221 0.871528 0.599638 0.876736 0.899306 0.005208 0.866319 0.888889 0.875000 0.848958 0.875000 0.003472 0.838542 0.875000 0.875000 0.897569 0.001736 0.647887 0.842014 0.871528 0.871528 0.842014 0.810619 0.897569 0.868056 0.852431 0.847222 0.005208 0.895075 0.843750 0.852431 0.895833 0.869464 0.850694 0.899306 0.758721 0.873264 0.871528 0.871528 0.768953 0.871528 0.840278 0.761468 0.868056 0.759633 0.871528 0.875000 0.897569 0.765138 0.897569 0.875000 0.897569 0.842014 0.899306 0.757798 0.901042 0.850694 0.875000 0.871528 0.871528 0.899306 0.876736
672432742 0.021021 0.863139 0.868739 0.006006 0.875000 0.000000 0.810811 0.819820 0.810811 0.868668 0.871747 0.015015 0.007508 0.003810 0.006006 0.006006 0.037538 0.906907 0.818318 0.082583 0.869811 0.865809 0.009009 0.884058 0.013514 0.816817 0.876736 0.007508 0.810811 0.004505 0.887387 0.016517 0.873264 0.905405 0.039039 0.004505 0.816817 0.876736 0.894366 0.885886 0.034535 0.033033 0.878378 0.876106 0.815315 0.019520 0.885886 0.891892 0.875000 0.167024 0.873874 0.896396 0.819820 0.069930 0.882883 0.818318 0.854651 0.079580 0.036036 0.037538 0.875451 0.043544 0.885886 0.873394 0.012012 0.880734 0.006006 0.001502 0.816817 0.864220 0.816817 0.003003 0.816817 0.887387 0.816817 0.875229 0.816817 0.884384 0.013514 0.006006 0.003003 0.818318 0.030030
32265024  0.809309 0.864964 0.894646 0.812312 0.892361 0.810811 0.000000 0.226582 0.024051 0.902439 0.892193 0.812312 0.810811 0.817143 0.813814 0.822917 0.812312 0.876056 0.235443 0.812312 0.879245 0.882353 0.812312 0.891304 0.809309 0.241772 0.892361 0.809309 0.036709 0.812312 0.884000 0.810811 0.892361 0.877465 0.807808 0.809309 0.231646 0.892361 0.897887 0.892377 0.812312 0.813814 0.897606 0.897345 0.230380 0.810811 0.897368 0.884462 0.890625 0.839400 0.904516 0.892430 0.225316 0.762238 0.901857 0.236709 0.863372 0.807808 0.807808 0.810811 0.884477 0.824219 0.894937 0.884404 0.810811 0.875229 0.810811 0.810811 0.230380 0.878899 0.230380 0.810811 0.224051 0.891117 0.229114 0.891743 0.227848 0.903183 0.815315 0.812312 0.812312 0.232911 0.810811
138873    0.818318 0.864964 0.889465 0.821321 0.899306 0.819820 0.226582 0.000000 0.227848 0.889306 0.888476 0.807808 0.819820 0.826667 0.822823 0.825521 0.815315 0.880282 0.061249 0.819820 0.875472 0.880515 0.821321 0.885870 0.816817 0.068268 0.894097 0.818318 0.238509 0.819820 0.885333 0.819820 0.895833 0.878873 0.807808 0.818318 0.059418 0.895833 0.885563 0.889387 0.810811 0.818318 0.889628 0.900885 0.059418 0.818318 0.893421 0.883134 0.895833 0.845824 0.890323 0.884462 0.010601 0.771562 0.889920 0.064475 0.857558 0.813814 0.809309 0.815315 0.889892 0.822917 0.885678 0.880734 0.818318 0.875229 0.819820 0.819820 0.058154 0.889908 0.060683 0.819820 0.099622 0.883954 0.056890 0.889908 0.056890 0.889920 0.816817 0.821321 0.819820 0.175727 0.816817
47531122  0.810811 0.859489 0.896373 0.812312 0.887153 0.810811 0.024051 0.227848 0.000000 0.900563 0.890335 0.810811 0.810811 0.817143 0.813814 0.822917 0.807808 0.876056 0.235443 0.809309 0.877358 0.880515 0.812312 0.889493 0.810811 0.240506 0.887153 0.810811 0.022785 0.812312 0.881333 0.812312 0.888889 0.870423 0.806306 0.809309 0.230380 0.888889 0.903169 0.892377 0.806306 0.810811 0.897606 0.893805 0.230380 0.810811 0.897368 0.879150 0.888889 0.847966 0.903226 0.892430 0.229114 0.759907 0.888594 0.236709 0.863372 0.806306 0.806306 0.804805 0.884477 0.822917 0.896203 0.878899 0.810811 0.884404 0.810811 0.810811 0.230380 0.882569 0.230380 0.810811 0.225316 0.889685 0.229114 0.888073 0.227848 0.889920 0.815315 0.809309 0.812312 0.234177 0.812312
378941792 0.868668 0.763602 0.716698 0.868668 0.814259 0.868668 0.902439 0.889306 0.900563 0.000000 0.724203 0.868668 0.870544 0.895238 0.870544 0.868668 0.866792 0.774859 0.894934 0.872420 0.428302 0.726079 0.868668 0.827392 0.868668 0.887430 0.814259 0.868668 0.896811 0.868668 0.774859 0.868668 0.814259 0.774859 0.868668 0.868668 0.896811 0.814259 0.799250 0.761726 0.868668 0.868668 0.771107 0.720450 0.896811 0.868668 0.778612 0.776735 0.814259 0.888651 0.765478 0.771107 0.893058 0.871795 0.776735 0.894934 0.712209 0.866792 0.868668 0.872420 0.733583 0.870544 0.784240 0.733583 0.868668 0.733583 0.868668 0.868668 0.896811 0.729831 0.894934 0.870544 0.896811 0.782364 0.896811 0.757974 0.894934 0.776735 0.866792 0.868668 0.868668 0.885553 0.868668
5689342   0.871747 0.732342 0.717472 0.873606 0.775093 0.871747 0.892193 0.888476 0.890335 0.724203 0.000000 0.868030 0.866171 0.906667 0.875465 0.871747 0.873606 0.715613 0.895911 0.873606 0.703774 0.719331 0.871747 0.791822 0.875465 0.881041 0.776952 0.871747 0.892193 0.873606 0.793680 0.873606 0.775093 0.715613 0.871747 0.871747 0.881041 0.775093 0.773234 0.795539 0.873606 0.864312 0.799257 0.702602 0.879182 0.873606 0.789963 0.819703 0.775093 0.910064 0.782528 0.810409 0.888476 0.871795 0.817844 0.881041 0.680233 0.869888 0.871747 0.873606 0.721190 0.877323 0.750929 0.724907 0.871747 0.723048 0.871747 0.864312 0.877323 0.719331 0.881041 0.871747 0.873606 0.747212 0.881041 0.724907 0.881041 0.817844 0.877323 0.873606 0.864312 0.888476 0.873606
726965486 0.009009 0.859489 0.868739 0.018018 0.871528 0.015015 0.812312 0.807808 0.810811 0.868668 0.868030 0.000000 0.019520 0.020952 0.018018 0.015015 0.028529 0.908408 0.819820 0.073574 0.869811 0.863971 0.021021 0.896739 0.025526 0.816817 0.869792 0.010511 0.810811 0.016517 0.890390 0.028529 0.869792 0.884384 0.027027 0.013514 0.816817 0.869792 0.894366 0.884384 0.025526 0.021021 0.878378 0.877876 0.815315 0.007508 0.872372 0.891892 0.866319 0.175589 0.875375 0.896396 0.804805 0.067599 0.884384 0.819820 0.854651 0.076577 0.027027 0.025526 0.877256 0.034535 0.869369 0.873394 0.007508 0.875229 0.018018 0.013514 0.816817 0.869725 0.816817 0.015015 0.818318 0.890390 0.816817 0.873394 0.816817 0.884384 0.025526 0.016517 0.015015 0.815315 0.019520
359427494 0.025526 0.863139 0.870466 0.010511 0.875000 0.007508 0.810811 0.819820 0.810811 0.870544 0.866171 0.019520 0.000000 0.011429 0.010511 0.010511 0.042042 0.879880 0.819820 0.087087 0.867925 0.865809 0.013514 0.884058 0.018018 0.816817 0.873264 0.012012 0.810811 0.009009 0.885886 0.021021 0.876736 0.884384 0.043544 0.009009 0.816817 0.876736 0.890845 0.888889 0.039039 0.037538 0.879880 0.876106 0.815315 0.024024 0.885886 0.893393 0.875000 0.171306 0.876877 0.896396 0.819820 0.072261 0.882883 0.819820 0.851744 0.084084 0.040541 0.042042 0.877256 0.048048 0.879880 0.875229 0.016517 0.878899 0.010511 0.006006 0.816817 0.867890 0.816817 0.007508 0.819820 0.902402 0.816817 0.875229 0.816817 0.884384 0.018018 0.010511 0.007508 0.816817 0.034535
725827723 0.028571 0.899048 0.893333 0.007619 0.904762 0.003810 0.817143 0.826667 0.817143 0.895238 0.906667 0.020952 0.011429 0.000000 0.009524 0.007619 0.047619 0.891429 0.824762 0.049524 0.902857 0.887619 0.011429 0.891429 0.017143 0.824762 0.904762 0.011429 0.817143 0.007619 0.881905 0.020952 0.904762 0.891429 0.049524 0.007619 0.822857 0.904762 0.893333 0.895238 0.043810 0.041905 0.895238 0.895238 0.820952 0.026667 0.891429 0.891429 0.904762 0.171306 0.893333 0.887619 0.824762 0.356643 0.902857 0.824762 0.898256 0.089524 0.045714 0.047619 0.897143 0.055238 0.870476 0.895238 0.017143 0.897143 0.007619 0.003810 0.822857 0.881905 0.824762 0.005714 0.822857 0.897143 0.822857 0.897143 0.822857 0.904762 0.015238 0.009524 0.005714 0.826667 0.034286
402914238 0.024024 0.864964 0.886010 0.006006 0.876736 0.006006 0.813814 0.822823 0.813814 0.870544 0.875465 0.018018 0.010511 0.009524 0.000000 0.009009 0.040541 0.909910 0.821321 0.085586 0.871698 0.871324 0.009009 0.893116 0.013514 0.819820 0.878472 0.010511 0.813814 0.007508 0.885886 0.016517 0.873264 0.905405 0.042042 0.007508 0.819820 0.878472 0.894366 0.885886 0.037538 0.036036 0.878378 0.877876 0.818318 0.022523 0.875375 0.893393 0.873264 0.171306 0.875375 0.896396 0.822823 0.074592 0.884384 0.821321 0.854651 0.082583 0.039039 0.040541 0.879061 0.046547 0.887387 0.877064 0.015015 0.878899 0.009009 0.004505 0.819820 0.864220 0.819820 0.006006 0.818318 0.885886 0.819820 0.877064 0.819820 0.885886 0.016517 0.006006 0.006006 0.821321 0.033033
18999349  0.021021 0.864964 0.867012 0.009009 0.871528 0.006006 0.822917 0.825521 0.822917 0.868668 0.871747 0.015015 0.010511 0.007619 0.009009 0.000000 0.036036 0.881690 0.829427 0.081081 0.869811 0.865809 0.012012 0.894928 0.016517 0.830729 0.873264 0.010511 0.820312 0.007508 0.894667 0.019520 0.873264 0.878873 0.037538 0.007508 0.830729 0.873264 0.894366 0.887892 0.033033 0.031532 0.881649 0.872566 0.829427 0.019520 0.890789 0.877822 0.871528 0.169165 0.878906 0.899070 0.824219 0.074592 0.883289 0.832031 0.845930 0.078078 0.034535 0.036036 0.875451 0.041667 0.893229 0.873394 0.012012 0.880734 0.009009 0.004505 0.830729 0.864220 0.829427 0.006006 0.833333 0.885387 0.830729 0.873394 0.830729 0.883289 0.016517 0.009009 0.006006 0.828125 0.030030
21038821  0.028529 0.864964 0.868739 0.040541 0.871528 0.037538 0.812312 0.815315 0.807808 0.866792 0.873606 0.028529 0.042042 0.047619 0.040541 0.036036 0.000000 0.885886 0.816817 0.051051 0.871698 0.869485 0.043544 0.894928 0.048048 0.815315 0.873264 0.036036 0.810811 0.039039 0.887387 0.051051 0.876736 0.902402 0.004505 0.036036 0.815315 0.876736 0.892606 0.884384 0.003003 0.012012 0.876877 0.876106 0.813814 0.024024 0.882883 0.879880 0.875000 0.188437 0.879880 0.884384 0.816817 0.062937 0.884384 0.816817 0.848837 0.085586 0.001502 0.006006 0.879061 0.009009 0.884384 0.871560 0.033033 0.880734 0.040541 0.036036 0.815315 0.871560 0.815315 0.037538 0.813814 0.887387 0.815315 0.873394 0.815315 0.884384 0.042042 0.039039 0.037538 0.815315 0.039039
204324151 0.879880 0.755474 0.721934 0.881381 0.833333 0.906907 0.876056 0.880282 0.876056 0.774859 0.715613 0.908408 0.879880 0.891429 0.909910 0.881690 0.885886 0.000000 0.880282 0.882883 0.764151 0.757353 0.909910 0.791667 0.881381 0.900000 0.833333 0.879880 0.874648 0.908408 0.828169 0.909910 0.833333 0.032394 0.884384 0.900901 0.900000 0.833333 0.786972 0.834081 0.885886 0.884384 0.829577 0.722124 0.892958 0.878378 0.835211 0.839437 0.835069 0.888651 0.819718 0.843662 0.880282 0.855478 0.829577 0.880282 0.706395 0.885886 0.885886 0.887387 0.759928 0.885915 0.701408 0.752294 0.884384 0.755963 0.884384 0.879880 0.901408 0.763303 0.902817 0.908408 0.878873 0.710602 0.901408 0.757798 0.901408 0.829577 0.902402 0.881381 0.906907 0.877465 0.887387
210148195 0.818318 0.866788 0.891192 0.821321 0.895833 0.818318 0.235443 0.061249 0.235443 0.894934 0.895911 0.819820 0.819820 0.824762 0.821321 0.829427 0.816817 0.880282 0.000000 0.821321 0.875472 0.884191 0.818318 0.884058 0.815315 0.048040 0.895833 0.818318 0.248447 0.818318 0.884000 0.818318 0.895833 0.880282 0.815315 0.818318 0.034134 0.895833 0.889085 0.890882 0.818318 0.818318 0.890957 0.886726 0.035398 0.819820 0.890789 0.877822 0.895833 0.843683 0.889032 0.887118 0.057715 0.773893 0.891247 0.037927 0.831395 0.822823 0.816817 0.816817 0.895307 0.830729 0.885678 0.884404 0.818318 0.889908 0.818318 0.818318 0.032870 0.899083 0.036662 0.818318 0.103405 0.882521 0.032870 0.891743 0.031606 0.891247 0.824324 0.819820 0.819820 0.173198 0.819820
GQ411199  0.075075 0.868613 0.899827 0.085586 0.878472 0.082583 0.812312 0.819820 0.809309 0.872420 0.873606 0.073574 0.087087 0.049524 0.085586 0.081081 0.051051 0.882883 0.821321 0.000000 0.867925 0.869485 0.085586 0.894928 0.093093 0.819820 0.878472 0.081081 0.806306 0.084084 0.890390 0.096096 0.878472 0.881381 0.052553 0.081081 0.818318 0.878472 0.892606 0.885886 0.051051 0.060060 0.881381 0.876106 0.816817 0.070571 0.876877 0.882883 0.878472 0.192719 0.879880 0.899399 0.819820 0.123543 0.884384 0.821321 0.851744 0.130631 0.049550 0.054054 0.884477 0.057057 0.896396 0.871560 0.078078 0.884404 0.085586 0.081081 0.818318 0.869725 0.818318 0.082583 0.818318 0.887387 0.818318 0.873394 0.818318 0.881381 0.087087 0.084084 0.082583 0.807808 0.082583
28395436  0.869811 0.745283 0.718868 0.869811 0.809434 0.869811 0.879245 0.875472 0.877358 0.428302 0.703774 0.869811 0.867925 0.902857 0.871698 0.869811 0.871698 0.764151 0.875472 0.867925 0.000000 0.739623 0.869811 0.809434 0.871698 0.877358 0.809434 0.867925 0.877358 0.871698 0.786792 0.871698 0.809434 0.762264 0.869811 0.871698 0.877358 0.809434 0.798113 0.766038 0.871698 0.866038 0.788679 0.726415 0.877358 0.869811 0.784906 0.784906 0.809434 0.899358 0.805660 0.803774 0.873585 0.871795 0.784906 0.873585 0.712209 0.867925 0.871698 0.869811 0.741509 0.871698 0.792453 0.739623 0.867925 0.739623 0.871698 0.869811 0.877358 0.739623 0.877358 0.867925 0.873585 0.798113 0.877358 0.739623 0.877358 0.784906 0.871698 0.869811 0.869811 0.873585 0.869811
34447098  0.863971 0.520221 0.726103 0.867647 0.770221 0.865809 0.882353 0.880515 0.880515 0.726079 0.719331 0.863971 0.865809 0.887619 0.871324 0.865809 0.869485 0.757353 0.884191 0.869485 0.739623 0.000000 0.865809 0.775735 0.867647 0.884191 0.770221 0.867647 0.878676 0.865809 0.808824 0.869485 0.770221 0.753676 0.867647 0.865809 0.884191 0.770221 0.777574 0.794118 0.871324 0.869485 0.803309 0.731618 0.884191 0.863971 0.806985 0.805147 0.770221 0.875803 0.799632 0.795956 0.882353 0.883450 0.803309 0.884191 0.590116 0.873162 0.871324 0.871324 0.075368 0.871324 0.757353 0.062500 0.865809 0.075368 0.865809 0.865809 0.884191 0.080882 0.884191 0.865809 0.882353 0.768382 0.884191 0.130515 0.884191 0.803309 0.869485 0.867647 0.865809 0.880515 0.869485
928083853 0.027027 0.861314 0.870466 0.009009 0.871528 0.009009 0.812312 0.821321 0.812312 0.868668 0.871747 0.021021 0.013514 0.011429 0.009009 0.012012 0.043544 0.909910 0.818318 0.085586 0.869811 0.865809 0.000000 0.884058 0.016517 0.819820 0.876736 0.013514 0.812312 0.010511 0.885886 0.019520 0.873264 0.906907 0.045045 0.010511 0.818318 0.873264 0.897887 0.884384 0.040541 0.039039 0.876877 0.877876 0.816817 0.025526 0.885886 0.891892 0.875000 0.175589 0.873874 0.896396 0.821321 0.074592 0.882883 0.819820 0.851744 0.085586 0.042042 0.043544 0.877256 0.049550 0.885886 0.873394 0.018018 0.880734 0.012012 0.007508 0.818318 0.860550 0.818318 0.009009 0.816817 0.882883 0.818318 0.873394 0.818318 0.887387 0.019520 0.009009 0.009009 0.821321 0.036036
554888643 0.896739 0.757299 0.809783 0.896739 0.599638 0.884058 0.891304 0.885870 0.889493 0.827392 0.791822 0.896739 0.884058 0.891429 0.893116 0.894928 0.894928 0.791667 0.884058 0.894928 0.809434 0.775735 0.884058 0.000000 0.900362 0.884058 0.597826 0.900362 0.891304 0.898551 0.826087 0.893116 0.597826 0.791667 0.894928 0.893116 0.884058 0.599638 0.603261 0.838768 0.894928 0.894928 0.835145 0.811594 0.884058 0.882246 0.851449 0.829710 0.597826 0.890792 0.842391 0.842391 0.885870 0.876457 0.836957 0.889493 0.747093 0.900362 0.894928 0.894928 0.786232 0.893116 0.835145 0.774312 0.896739 0.779817 0.898551 0.893116 0.885870 0.776147 0.884058 0.887681 0.887681 0.836957 0.885870 0.770642 0.885870 0.836957 0.894928 0.893116 0.884058 0.882246 0.880435
928083864 0.031532 0.861314 0.872193 0.010511 0.876736 0.013514 0.809309 0.816817 0.810811 0.868668 0.875465 0.025526 0.018018 0.017143 0.013514 0.016517 0.048048 0.881381 0.815315 0.093093 0.871698 0.867647 0.016517 0.900362 0.000000 0.813814 0.873264 0.018018 0.806306 0.015015 0.884384 0.024024 0.878472 0.885886 0.049550 0.015015 0.813814 0.873264 0.894366 0.887387 0.045045 0.043544 0.879880 0.876106 0.812312 0.030030 0.881381 0.891892 0.871528 0.179872 0.875375 0.894895 0.816817 0.074592 0.884384 0.815315 0.851744 0.090090 0.046547 0.048048 0.859206 0.054054 0.884384 0.864220 0.022523 0.871560 0.016517 0.012012 0.813814 0.875229 0.813814 0.013514 0.815315 0.885886 0.813814 0.875229 0.813814 0.885886 0.024024 0.013514 0.013514 0.819820 0.040541
156766537 0.815315 0.861314 0.879102 0.819820 0.899306 0.816817 0.241772 0.068268 0.240506 0.887430 0.881041 0.816817 0.816817 0.824762 0.819820 0.830729 0.815315 0.900000 0.048040 0.819820 0.877358 0.884191 0.819820 0.884058 0.813814 0.000000 0.897569 0.816817 0.245259 0.816817 0.882667 0.816817 0.897569 0.880282 0.813814 0.815315 0.015171 0.897569 0.883803 0.872945 0.815315 0.815315 0.904255 0.900885 0.020228 0.816817 0.897368 0.903054 0.899306 0.843683 0.898065 0.892430 0.064475 0.776224 0.903183 0.030341 0.840116 0.821321 0.815315 0.815315 0.891697 0.832031 0.895070 0.882569 0.816817 0.884404 0.816817 0.816817 0.016435 0.888073 0.018963 0.816817 0.113780 0.883954 0.015171 0.891743 0.017699 0.897878 0.822823 0.818318 0.818318 0.175727 0.815315
514054798 0.873264 0.768248 0.793403 0.876736 0.005208 0.876736 0.892361 0.894097 0.887153 0.814259 0.776952 0.869792 0.873264 0.904762 0.878472 0.873264 0.873264 0.833333 0.895833 0.878472 0.809434 0.770221 0.876736 0.597826 0.873264 0.897569 0.000000 0.868056 0.888889 0.876736 0.850694 0.878472 0.001736 0.838542 0.876736 0.876736 0.899306 0.003472 0.647887 0.843750 0.873264 0.869792 0.850694 0.810619 0.897569 0.869792 0.848958 0.840278 0.006944 0.892934 0.852431 0.852431 0.895833 0.871795 0.852431 0.899306 0.755814 0.875000 0.876736 0.876736 0.768953 0.873264 0.840278 0.761468 0.868056 0.759633 0.873264 0.876736 0.897569 0.765138 0.897569 0.876736 0.897569 0.840278 0.899306 0.757798 0.897569 0.850694 0.873264 0.873264 0.873264 0.897569 0.875000
726965478 0.016517 0.863139 0.884283 0.010511 0.866319 0.007508 0.809309 0.818318 0.810811 0.868668 0.871747 0.010511 0.012012 0.011429 0.010511 0.010511 0.036036 0.879880 0.818318 0.081081 0.867925 0.867647 0.013514 0.900362 0.018018 0.816817 0.868056 0.000000 0.809309 0.009009 0.885886 0.021021 0.868056 0.882883 0.037538 0.009009 0.816817 0.868056 0.892606 0.884384 0.033033 0.028529 0.876877 0.876106 0.815315 0.015015 0.881381 0.891892 0.866319 0.162741 0.873874 0.896396 0.819820 0.067599 0.881381 0.818318 0.854651 0.075075 0.034535 0.036036 0.871841 0.042042 0.878378 0.873394 0.006006 0.873394 0.010511 0.006006 0.816817 0.871560 0.816817 0.007508 0.818318 0.888889 0.816817 0.875229 0.816817 0.882883 0.018018 0.009009 0.007508 0.816817 0.025526
1334800   0.809309 0.857664 0.894646 0.812312 0.888889 0.810811 0.036709 0.238509 0.022785 0.896811 0.892193 0.810811 0.810811 0.817143 0.813814 0.820312 0.810811 0.874648 0.248447 0.806306 0.877358 0.878676 0.812312 0.891304 0.806306 0.245259 0.888889 0.809309 0.000000 0.812312 0.878667 0.812312 0.888889 0.873239 0.804805 0.809309 0.235145 0.888889 0.897887 0.895366 0.810811 0.810811 0.885638 0.895575 0.235145 0.809309 0.890789 0.880478 0.888889 0.841542 0.882581 0.892430 0.239752 0.757576 0.891247 0.240202 0.848837 0.803303 0.804805 0.809309 0.882671 0.821615 0.890704 0.878899 0.809309 0.882569 0.810811 0.810811 0.235145 0.880734 0.235145 0.810811 0.229508 0.888252 0.233881 0.888073 0.231353 0.892573 0.812312 0.812312 0.812312 0.236410 0.812312
149287217 0.022523 0.866788 0.868739 0.007508 0.875000 0.004505 0.812312 0.819820 0.812312 0.868668 0.873606 0.016517 0.009009 0.007619 0.007508 0.007508 0.039039 0.908408 0.818318 0.084084 0.871698 0.865809 0.010511 0.898551 0.015015 0.816817 0.876736 0.009009 0.812312 0.000000 0.887387 0.018018 0.876736 0.906907 0.040541 0.006006 0.816817 0.873264 0.896127 0.885886 0.036036 0.034535 0.878378 0.877876 0.815315 0.021021 0.885886 0.893393 0.871528 0.171306 0.869369 0.897898 0.819820 0.072261 0.882883 0.818318 0.854651 0.081081 0.037538 0.039039 0.879061 0.045045 0.885886 0.880734 0.013514 0.882569 0.007508 0.003003 0.816817 0.860550 0.816817 0.004505 0.819820 0.885886 0.816817 0.875229 0.816817 0.884384 0.015015 0.007508 0.004505 0.819820 0.031532
698029512 0.888889 0.815693 0.796200 0.887387 0.848958 0.887387 0.884000 0.885333 0.881333 0.774859 0.793680 0.890390 0.885886 0.881905 0.885886 0.894667 0.887387 0.828169 0.884000 0.890390 0.786792 0.808824 0.885886 0.826087 0.884384 0.882667 0.850694 0.885886 0.878667 0.887387 0.000000 0.885886 0.848958 0.823944 0.887387 0.887387 0.882667 0.848958 0.832746 0.717489 0.887387 0.887387 0.154667 0.805310 0.897333 0.887387 0.258667 0.161333 0.848958 0.890792 0.644000 0.158667 0.881333 0.871795 0.224000 0.884000 0.781977 0.888889 0.887387 0.887387 0.803249 0.897333 0.850667 0.811009 0.885886 0.803670 0.887387 0.887387 0.884000 0.809174 0.884000 0.887387 0.892000 0.849570 0.884000 0.818349 0.884000 0.224000 0.890390 0.887387 0.887387 0.886667 0.888889
KF214742  0.033033 0.864964 0.872193 0.013514 0.875000 0.016517 0.810811 0.819820 0.812312 0.868668 0.873606 0.028529 0.021021 0.020952 0.016517 0.019520 0.051051 0.909910 0.818318 0.096096 0.871698 0.869485 0.019520 0.893116 0.024024 0.816817 0.878472 0.021021 0.812312 0.018018 0.885886 0.000000 0.878472 0.882883 0.052553 0.015015 0.816817 0.878472 0.899648 0.885886 0.048048 0.046547 0.879880 0.890265 0.815315 0.033033 0.884384 0.893393 0.876736 0.182013 0.872372 0.893393 0.821321 0.079254 0.884384 0.818318 0.851744 0.091592 0.049550 0.051051 0.884477 0.057057 0.887387 0.877064 0.025526 0.878899 0.019520 0.015015 0.816817 0.877064 0.816817 0.016517 0.819820 0.885886 0.816817 0.873394 0.816817 0.885886 0.027027 0.016517 0.016517 0.818318 0.043544
514054792 0.873264 0.768248 0.791667 0.876736 0.003472 0.873264 0.892361 0.895833 0.888889 0.814259 0.775093 0.869792 0.876736 0.904762 0.873264 0.873264 0.876736 0.833333 0.895833 0.878472 0.809434 0.770221 0.873264 0.597826 0.878472 0.897569 0.001736 0.868056 0.888889 0.876736 0.848958 0.878472 0.000000 0.838542 0.873264 0.876736 0.897569 0.001736 0.647887 0.843750 0.876736 0.869792 0.852431 0.821239 0.897569 0.873264 0.848958 0.840278 0.005208 0.895075 0.843750 0.852431 0.895833 0.871795 0.852431 0.899306 0.755814 0.875000 0.876736 0.869792 0.768953 0.876736 0.840278 0.761468 0.871528 0.759633 0.873264 0.873264 0.897569 0.765138 0.897569 0.875000 0.897569 0.840278 0.899306 0.757798 0.901042 0.850694 0.876736 0.871528 0.873264 0.897569 0.878472
195764992 0.902402 0.759124 0.720207 0.905405 0.838542 0.905405 0.877465 0.878873 0.870423 0.774859 0.715613 0.884384 0.884384 0.891429 0.905405 0.878873 0.902402 0.032394 0.880282 0.881381 0.762264 0.753676 0.906907 0.791667 0.885886 0.880282 0.838542 0.882883 0.873239 0.906907 0.823944 0.882883 0.838542 0.000000 0.900901 0.902402 0.901408 0.838542 0.785211 0.832586 0.905405 0.902402 0.826761 0.722124 0.901408 0.902402 0.835211 0.842254 0.852431 0.892934 0.814085 0.839437 0.880282 0.855478 0.829577 0.881690 0.706395 0.905405 0.902402 0.902402 0.756318 0.881690 0.708451 0.748624 0.906907 0.754128 0.902402 0.906907 0.902817 0.766972 0.904225 0.902402 0.876056 0.707736 0.902817 0.759633 0.902817 0.829577 0.899399 0.882883 0.906907 0.877465 0.881381
928083849 0.030030 0.866788 0.867012 0.042042 0.875000 0.039039 0.807808 0.807808 0.806306 0.868668 0.871747 0.027027 0.043544 0.049524 0.042042 0.037538 0.004505 0.884384 0.815315 0.052553 0.869811 0.867647 0.045045 0.894928 0.049550 0.813814 0.876736 0.037538 0.804805 0.040541 0.887387 0.052553 0.873264 0.900901 0.000000 0.037538 0.813814 0.876736 0.892606 0.884384 0.004505 0.013514 0.876877 0.879646 0.812312 0.025526 0.872372 0.881381 0.875000 0.188437 0.879880 0.884384 0.807808 0.062937 0.884384 0.815315 0.848837 0.085586 0.003003 0.004505 0.877256 0.010511 0.881381 0.871560 0.034535 0.882569 0.042042 0.037538 0.813814 0.871560 0.813814 0.039039 0.815315 0.896396 0.813814 0.873394 0.813814 0.885886 0.043544 0.040541 0.039039 0.815315 0.040541
672351302 0.019520 0.868613 0.868739 0.007508 0.875000 0.004505 0.809309 0.818318 0.809309 0.868668 0.871747 0.013514 0.009009 0.007619 0.007508 0.007508 0.036036 0.900901 0.818318 0.081081 0.871698 0.865809 0.010511 0.893116 0.015015 0.815315 0.876736 0.009009 0.809309 0.006006 0.887387 0.015015 0.876736 0.902402 0.037538 0.000000 0.815315 0.876736 0.897887 0.885886 0.033033 0.031532 0.879880 0.876106 0.813814 0.018018 0.884384 0.891892 0.875000 0.169165 0.872372 0.896396 0.819820 0.069930 0.882883 0.818318 0.854651 0.081081 0.034535 0.036036 0.879061 0.042042 0.885886 0.873394 0.013514 0.880734 0.007508 0.003003 0.815315 0.875229 0.815315 0.004505 0.813814 0.887387 0.815315 0.875229 0.816817 0.884384 0.015015 0.007508 0.004505 0.815315 0.028529
156766533 0.815315 0.861314 0.894646 0.819820 0.897569 0.816817 0.231646 0.059418 0.230380 0.896811 0.881041 0.816817 0.816817 0.822857 0.819820 0.830729 0.815315 0.900000 0.034134 0.818318 0.877358 0.884191 0.818318 0.884058 0.813814 0.015171 0.899306 0.816817 0.235145 0.816817 0.882667 0.816817 0.897569 0.901408 0.813814 0.815315 0.000000 0.897569 0.882042 0.872945 0.815315 0.815315 0.904255 0.886726 0.007585 0.816817 0.897368 0.903054 0.899306 0.843683 0.896774 0.895086 0.055626 0.771562 0.895225 0.017699 0.837209 0.821321 0.815315 0.815315 0.891697 0.832031 0.898862 0.882569 0.816817 0.884404 0.816817 0.816817 0.001264 0.888073 0.006321 0.816817 0.103666 0.886819 0.002528 0.891743 0.005057 0.903183 0.822823 0.818318 0.818318 0.166877 0.815315
514054822 0.873264 0.766423 0.791667 0.875000 0.001736 0.876736 0.892361 0.895833 0.888889 0.814259 0.775093 0.869792 0.876736 0.904762 0.878472 0.873264 0.876736 0.833333 0.895833 0.878472 0.809434 0.770221 0.873264 0.599638 0.873264 0.897569 0.003472 0.868056 0.888889 0.873264 0.848958 0.878472 0.001736 0.838542 0.876736 0.876736 0.897569 0.000000 0.647887 0.843750 0.869792 0.869792 0.840278 0.810619 0.897569 0.873264 0.848958 0.847222 0.006944 0.895075 0.843750 0.852431 0.895833 0.871795 0.852431 0.899306 0.755814 0.875000 0.876736 0.876736 0.768953 0.873264 0.840278 0.761468 0.871528 0.759633 0.873264 0.873264 0.897569 0.765138 0.897569 0.876736 0.895833 0.838542 0.899306 0.757798 0.901042 0.850694 0.873264 0.871528 0.876736 0.901042 0.875000
18158484  0.897887 0.770073 0.781690 0.896127 0.647887 0.894366 0.897887 0.885563 0.903169 0.799250 0.773234 0.894366 0.890845 0.893333 0.894366 0.894366 0.892606 0.786972 0.889085 0.892606 0.798113 0.777574 0.897887 0.603261 0.894366 0.883803 0.647887 0.892606 0.897887 0.896127 0.832746 0.899648 0.647887 0.785211 0.892606 0.897887 0.882042 0.647887 0.000000 0.834507 0.892606 0.896127 0.843310 0.801770 0.882042 0.894366 0.839789 0.832746 0.646127 0.884368 0.827465 0.846831 0.883803 0.876457 0.843310 0.882042 0.741279 0.889085 0.892606 0.894366 0.783394 0.894366 0.816901 0.776147 0.892606 0.777982 0.894366 0.896127 0.883803 0.785321 0.883803 0.894366 0.890845 0.822183 0.883803 0.785321 0.883803 0.846831 0.890845 0.894366 0.897887 0.885563 0.892606
336181117 0.887387 0.797445 0.773748 0.888889 0.842014 0.885886 0.892377 0.889387 0.892377 0.761726 0.795539 0.884384 0.888889 0.895238 0.885886 0.887892 0.884384 0.834081 0.890882 0.885886 0.766038 0.794118 0.884384 0.838768 0.887387 0.872945 0.843750 0.884384 0.895366 0.885886 0.717489 0.885886 0.843750 0.832586 0.884384 0.885886 0.872945 0.843750 0.834507 0.000000 0.885886 0.884384 0.729447 0.796460 0.872945 0.882883 0.724963 0.717489 0.842014 0.890792 0.704036 0.718984 0.890882 0.874126 0.721973 0.871450 0.781977 0.890390 0.884384 0.884384 0.788809 0.886398 0.814649 0.785321 0.882883 0.785321 0.885886 0.885886 0.871450 0.790826 0.872945 0.885886 0.896861 0.814649 0.871450 0.787156 0.871450 0.721973 0.884384 0.884384 0.885886 0.887892 0.885886
38112395  0.025526 0.868613 0.870466 0.037538 0.871528 0.034535 0.812312 0.810811 0.806306 0.868668 0.873606 0.025526 0.039039 0.043810 0.037538 0.033033 0.003003 0.885886 0.818318 0.051051 0.871698 0.871324 0.040541 0.894928 0.045045 0.815315 0.873264 0.033033 0.810811 0.036036 0.887387 0.048048 0.876736 0.905405 0.004505 0.033033 0.815315 0.869792 0.892606 0.885886 0.000000 0.009009 0.878378 0.877876 0.813814 0.021021 0.884384 0.881381 0.875000 0.184154 0.879880 0.885886 0.818318 0.062937 0.884384 0.818318 0.848837 0.082583 0.001502 0.006006 0.873646 0.009009 0.887387 0.871560 0.030030 0.882569 0.037538 0.033033 0.815315 0.871560 0.815315 0.034535 0.815315 0.885886 0.815315 0.873394 0.816817 0.885886 0.039039 0.036036 0.034535 0.815315 0.036036
38260410  0.021021 0.868613 0.870466 0.036036 0.871528 0.033033 0.813814 0.818318 0.810811 0.868668 0.864312 0.021021 0.037538 0.041905 0.036036 0.031532 0.012012 0.884384 0.818318 0.060060 0.866038 0.869485 0.039039 0.894928 0.043544 0.815315 0.869792 0.028529 0.810811 0.034535 0.887387 0.046547 0.869792 0.902402 0.013514 0.031532 0.815315 0.869792 0.896127 0.884384 0.009009 0.000000 0.885886 0.876106 0.813814 0.019520 0.887387 0.893393 0.871528 0.184154 0.873874 0.893393 0.819820 0.065268 0.885886 0.818318 0.854651 0.082583 0.010511 0.013514 0.877256 0.018018 0.885886 0.873394 0.025526 0.880734 0.036036 0.031532 0.815315 0.867890 0.815315 0.033033 0.815315 0.887387 0.815315 0.873394 0.816817 0.885886 0.039039 0.034535 0.033033 0.815315 0.033033
589917388 0.876877 0.813869 0.797927 0.876877 0.842014 0.878378 0.897606 0.889628 0.897606 0.771107 0.799257 0.878378 0.879880 0.895238 0.878378 0.881649 0.876877 0.829577 0.890957 0.881381 0.788679 0.803309 0.876877 0.835145 0.879880 0.904255 0.850694 0.876877 0.885638 0.878378 0.154667 0.879880 0.852431 0.826761 0.876877 0.879880 0.904255 0.840278 0.843310 0.729447 0.878378 0.885886 0.000000 0.808850 0.904255 0.875375 0.228723 0.079787 0.848958 0.888651 0.647606 0.074468 0.893617 0.855478 0.183511 0.901596 0.776163 0.885886 0.876877 0.878378 0.805054 0.880319 0.843085 0.801835 0.878378 0.798165 0.878378 0.878378 0.904255 0.801835 0.904255 0.878378 0.904255 0.848138 0.904255 0.811009 0.904255 0.183511 0.878378 0.876877 0.878378 0.894947 0.876877
KM052275  0.877876 0.760949 0.322124 0.876106 0.810619 0.876106 0.897345 0.900885 0.893805 0.720450 0.702602 0.877876 0.876106 0.895238 0.877876 0.872566 0.876106 0.722124 0.886726 0.876106 0.726415 0.731618 0.877876 0.811594 0.876106 0.900885 0.810619 0.876106 0.895575 0.877876 0.805310 0.890265 0.821239 0.722124 0.879646 0.876106 0.886726 0.810619 0.801770 0.796460 0.877876 0.876106 0.808850 0.000000 0.888496 0.877876 0.824779 0.808850 0.823009 0.886510 0.780531 0.808850 0.902655 0.876457 0.796460 0.884956 0.691860 0.892035 0.876106 0.876106 0.732852 0.872566 0.736283 0.739450 0.874336 0.732110 0.892035 0.877876 0.886726 0.728440 0.888496 0.877876 0.897345 0.743363 0.886726 0.735780 0.886726 0.803540 0.877876 0.876106 0.876106 0.890265 0.874336
241897474 0.813814 0.859489 0.894646 0.818318 0.897569 0.815315 0.230380 0.059418 0.230380 0.896811 0.879182 0.815315 0.815315 0.820952 0.818318 0.829427 0.813814 0.892958 0.035398 0.816817 0.877358 0.884191 0.816817 0.884058 0.812312 0.020228 0.897569 0.815315 0.235145 0.815315 0.897333 0.815315 0.897569 0.901408 0.812312 0.813814 0.007585 0.897569 0.882042 0.872945 0.813814 0.813814 0.904255 0.888496 0.000000 0.815315 0.898684 0.887118 0.899306 0.845824 0.896774 0.893758 0.055626 0.771562 0.901857 0.017699 0.837209 0.819820 0.813814 0.813814 0.891697 0.830729 0.897598 0.882569 0.815315 0.884404 0.815315 0.815315 0.006321 0.888073 0.006321 0.815315 0.103666 0.888252 0.005057 0.886239 0.007585 0.895225 0.821321 0.816817 0.816817 0.166877 0.813814
726965494 0.007508 0.863139 0.868739 0.022523 0.868056 0.019520 0.810811 0.818318 0.810811 0.868668 0.873606 0.007508 0.024024 0.026667 0.022523 0.019520 0.024024 0.878378 0.819820 0.070571 0.869811 0.863971 0.025526 0.882246 0.030030 0.816817 0.869792 0.015015 0.809309 0.021021 0.887387 0.033033 0.873264 0.902402 0.025526 0.018018 0.816817 0.873264 0.894366 0.882883 0.021021 0.019520 0.875375 0.877876 0.815315 0.000000 0.872372 0.893393 0.866319 0.173448 0.875375 0.896396 0.818318 0.069930 0.882883 0.819820 0.848837 0.073574 0.022523 0.024024 0.880866 0.030030 0.869369 0.873394 0.012012 0.875229 0.022523 0.018018 0.816817 0.869725 0.816817 0.019520 0.818318 0.888889 0.816817 0.873394 0.816817 0.885886 0.030030 0.021021 0.019520 0.815315 0.021021
400261362 0.872372 0.821168 0.803109 0.885886 0.852431 0.885886 0.897368 0.893421 0.897368 0.778612 0.789963 0.872372 0.885886 0.891429 0.875375 0.890789 0.882883 0.835211 0.890789 0.876877 0.784906 0.806985 0.885886 0.851449 0.881381 0.897368 0.848958 0.881381 0.890789 0.885886 0.258667 0.884384 0.848958 0.835211 0.872372 0.884384 0.897368 0.848958 0.839789 0.724963 0.884384 0.887387 0.228723 0.824779 0.898684 0.872372 0.000000 0.229748 0.847222 0.892934 0.660526 0.231076 0.892105 0.867133 0.287798 0.896053 0.779070 0.884384 0.872372 0.872372 0.808664 0.890789 0.836842 0.811009 0.884384 0.807339 0.885886 0.885886 0.898684 0.809174 0.897368 0.884384 0.896053 0.835244 0.898684 0.823853 0.897368 0.287798 0.879880 0.884384 0.884384 0.896053 0.870871
399221035 0.891892 0.812044 0.796200 0.891892 0.847222 0.891892 0.884462 0.883134 0.879150 0.776735 0.819703 0.891892 0.893393 0.891429 0.893393 0.877822 0.879880 0.839437 0.877822 0.882883 0.784906 0.805147 0.891892 0.829710 0.891892 0.903054 0.840278 0.891892 0.880478 0.893393 0.161333 0.893393 0.840278 0.842254 0.881381 0.891892 0.903054 0.847222 0.832746 0.717489 0.881381 0.893393 0.079787 0.808850 0.887118 0.893393 0.229748 0.000000 0.840278 0.892934 0.652058 0.082337 0.883134 0.857809 0.204515 0.901726 0.776163 0.887387 0.881381 0.881381 0.810469 0.883134 0.840637 0.807339 0.891892 0.803670 0.891892 0.891892 0.903054 0.807339 0.888446 0.890390 0.884462 0.839542 0.903054 0.814679 0.885790 0.204515 0.891892 0.891892 0.890390 0.884462 0.888889
62857328  0.866319 0.768248 0.795139 0.875000 0.005208 0.875000 0.890625 0.895833 0.888889 0.814259 0.775093 0.866319 0.875000 0.904762 0.873264 0.871528 0.875000 0.835069 0.895833 0.878472 0.809434 0.770221 0.875000 0.597826 0.871528 0.899306 0.006944 0.866319 0.888889 0.871528 0.848958 0.876736 0.005208 0.852431 0.875000 0.875000 0.899306 0.006944 0.646127 0.842014 0.875000 0.871528 0.848958 0.823009 0.899306 0.866319 0.847222 0.840278 0.000000 0.895075 0.843750 0.850694 0.895833 0.869464 0.848958 0.899306 0.787791 0.873264 0.875000 0.875000 0.768953 0.875000 0.840278 0.761468 0.868056 0.759633 0.871528 0.871528 0.897569 0.765138 0.899306 0.873264 0.899306 0.842014 0.899306 0.757798 0.901042 0.850694 0.875000 0.875000 0.871528 0.901042 0.864583
746590040 0.179872 0.899358 0.882227 0.171306 0.895075 0.167024 0.839400 0.845824 0.847966 0.888651 0.910064 0.175589 0.171306 0.171306 0.171306 0.169165 0.188437 0.888651 0.843683 0.192719 0.899358 0.875803 0.175589 0.890792 0.179872 0.843683 0.892934 0.162741 0.841542 0.171306 0.890792 0.182013 0.895075 0.892934 0.188437 0.169165 0.843683 0.895075 0.884368 0.890792 0.184154 0.184154 0.888651 0.886510 0.845824 0.173448 0.892934 0.892934 0.895075 0.000000 0.871520 0.888651 0.843683 0.601399 0.882227 0.847966 0.901163 0.177730 0.186296 0.192719 0.895075 0.194861 0.890792 0.888651 0.167024 0.884368 0.171306 0.167024 0.845824 0.880086 0.839400 0.167024 0.841542 0.895075 0.843683 0.882227 0.845824 0.882227 0.173448 0.169165 0.169165 0.839400 0.179872
51872299  0.873874 0.790146 0.773748 0.869369 0.843750 0.873874 0.904516 0.890323 0.903226 0.765478 0.782528 0.875375 0.876877 0.893333 0.875375 0.878906 0.879880 0.819718 0.889032 0.879880 0.805660 0.799632 0.873874 0.842391 0.875375 0.898065 0.852431 0.873874 0.882581 0.869369 0.644000 0.872372 0.843750 0.814085 0.879880 0.872372 0.896774 0.843750 0.827465 0.704036 0.879880 0.873874 0.647606 0.780531 0.896774 0.875375 0.660526 0.652058 0.843750 0.871520 0.000000 0.642762 0.889032 0.862471 0.644562 0.900645 0.764535 0.870871 0.879880 0.879880 0.788809 0.880208 0.849032 0.788991 0.873874 0.788991 0.875375 0.873874 0.896774 0.796330 0.901935 0.869369 0.905806 0.848138 0.896774 0.788991 0.900645 0.643236 0.870871 0.873874 0.873874 0.896774 0.875375
18029444  0.893393 0.817518 0.797927 0.894895 0.852431 0.896396 0.892430 0.884462 0.892430 0.771107 0.810409 0.896396 0.896396 0.887619 0.896396 0.899070 0.884384 0.843662 0.887118 0.899399 0.803774 0.795956 0.896396 0.842391 0.894895 0.892430 0.852431 0.896396 0.892430 0.897898 0.158667 0.893393 0.852431 0.839437 0.884384 0.896396 0.895086 0.852431 0.846831 0.718984 0.885886 0.893393 0.074468 0.808850 0.893758 0.896396 0.231076 0.082337 0.850694 0.888651 0.642762 0.000000 0.888446 0.864802 0.196547 0.893758 0.776163 0.893393 0.884384 0.884384 0.808664 0.897742 0.851262 0.800000 0.896396 0.805505 0.894895 0.896396 0.911023 0.801835 0.895086 0.894895 0.907039 0.852436 0.895086 0.807339 0.893758 0.196547 0.897898 0.896396 0.896396 0.893758 0.894895
